%YAML:1.0
---
width: 960
height: 1280
K: !!opencv-matrix
   rows: 3
   cols: 3
   dt: d
   data: [ 9.0424328774351602e+02, 0., 4.7691127451277492e+02, 0.,
       9.0445164499927455e+02, 6.4152637914075535e+02, 0., 0., 1. ]
D: !!opencv-matrix
   rows: 8
   cols: 1
   dt: d
   data: [ 1.5973099457461287e-01, -4.9743621144156464e-01,
       -1.7700150524824608e-04, -2.8958968510446717e-04,
       4.0933423638038524e-01, 0., 0., 0. ]
