%YAML:1.0
---
width: 960
height: 1280
K: !!opencv-matrix
   rows: 3
   cols: 3
   dt: d
   data: [ 9.3374485733687050e+02, 0., 4.8192920309695529e+02, 0.,
       9.3366140840047910e+02, 6.3746574001471856e+02, 0., 0., 1. ]
D: !!opencv-matrix
   rows: 8
   cols: 1
   dt: d
   data: [ 1.7197814639512288e-01, -6.1947625054637345e-01,
       1.0886767083980705e-03, -1.1737321634289098e-04,
       5.6496188411040427e-01, 0., 0., 0. ]
